52
1 -7.6165 33.5333
2 -6.8498 34.0133
3 -8.0098 31.6315
4 -4.9998 34.0331
5 -5.8339 35.7595
6 -9.5981 30.4278
7 -5.5503 33.8935
8 -1.9110 34.6806
9 -5.3626 35.5742
10 -2.9281 35.1682
11 -13.1913 27.1648
12 -15.9370 23.6848
13 -9.7660 31.5133
14 -8.5013 33.2316
15 -9.2372 32.2994
16 -3.8635 34.2086
17 -8.6148 29.7027
18 -10.1776 28.6518
19 -7.0167 31.4781
20 -4.0150 32.8222
21 -6.2038 33.8671
22 -5.1246 30.7524
23 -9.4310 31.1635
24 -8.0013 34.5060
25 -6.8099 30.4220
26 -2.5117 33.8991
27 -9.1933 35.1040
28 -5.2104 34.1231
29 -13.4098 28.3113
30 -15.8120 26.1042
31 -9.5714 32.3335
32 -9.4145 31.2235
33 -7.0023 31.5191
34 -8.1145 32.3335
35 -5.5697 34.2014
36 -9.3147 30.4418
37 -8.9114 33.0414
38 -7.6120 31.4218
39 -5.4147 34.9911
40 -9.5151 30.8718
41 -2.6147 33.0147
42 -14.2114 29.5147
43 -15.3120 27.0314
44 -8.1141 30.7718
45 -6.5147 33.7018
46 -7.3145 31.2014
47 -8.8117 29.4018
48 -13.1015 27.5147
49 -14.9014 24.2018
50 -8.7147 30.3145
51 -7.5147 34.7014
52 -15.0114 28.3018