52
1 98.53196279310018 463.34935283065414
2 90.28071231569211 483.4547022476059
3 141.9001151565538 391.05005296378147
4 96.86719174955427 488.9639762385059
5 50.0 550.0
6 160.00775752879275 339.85644026452565
7 98.4632478841605 482.5421371340603
8 87.43131442368218 517.5208306408115
9 56.480551233566544 544.4974495849617
10 73.38169449986107 534.2873820026662
11 201.0740515659727 199.26162457039086
12 237.85088654440742 50.0
13 134.29466679062278 380.2456728535235
14 101.25085872862586 449.1393429608439
15 119.27984701256568 411.74951355553526
16 95.72834761657035 497.64612820899487
17 182.07587037652144 315.6283919132477
18 194.7188465552246 269.576855230638
19 150.4095151297032 388.29293476066823
20 129.50061764070858 445.80849649866786
21 96.63317323206604 479.8983772487839
22 174.75006346528235 365.2867886323094
23 144.45256069169065 368.36821661571634
24 72.4771667402655 497.7687255752749
25 175.48254624777798 348.6467839671742
26 106.25378675912475 488.07736001297263
27 50.83721174145702 514.9348993395797
28 93.92611551597562 491.81549971070797
29 175.855649655228 242.3873694138921
30 195.42272604468897 145.0590584138748
31 116.41106147583064 411.71540557396406
32 143.18463441425263 370.6956480627514
33 149.52549478056983 389.886050419293
34 124.87562074823623 417.0734073601556
35 90.71886994274031 493.85299435348713
36 161.4906014311535 341.44407122440964
37 103.52273920503796 440.57943470655255
38 148.82067263295525 384.3932555159604
39 71.30079300933524 523.1737295010797
40 150.5539039207527 357.01945174931905
41 127.86960647309141 454.9922584549865
42 143.09180640153852 284.00468761554436
43 182.91984542262014 183.47693255470477
44 161.06511243237202 358.1439791384445
45 99.43920668659352 472.93425920398306
46 155.37746912901784 376.94014074325355
47 187.477031124809 303.39698090340437
48 194.8858716704972 213.21984551240934
49 240.06014197452734 75.37240186225462
50 167.96248401370002 338.71897711742065
51 69.97740252209914 506.5656038138266
52 160.56757633361013 233.6854932777236
